
[38;2;111;122;90m━━[38;2;222;56;43m〘[0m [38;2;222;56;43m自動連歌[0m [38;2;222;56;43m·[0m [38;2;242;239;233mJIDŌ RENGA[0m [38;2;222;56;43m〙[38;2;111;122;90m━━━━━━━━━━━━━━[0m

            [38;2;200;54;43m█[38;2;200;54;43m█[38;2;200;54;43m╗[38;2;200;54;43m█[38;2;200;54;43m█[38;2;200;54;43m╗[38;2;200;54;43m█[38;2;200;54;43m█[38;2;200;54;43m█[38;2;200;54;43m█[38;2;200;54;43m█[38;2;200;54;43m█[38;2;200;54;43m╗  [38;2;200;54;43m█[38;2;200;54;43m█[38;2;200;54;43m█[38;2;200;54;43m█[38;2;200;54;43m█[38;2;200;54;43m█[38;2;200;54;43m╗         [0m
            [38;2;205;69;47m█[38;2;205;69;47m█[38;2;205;69;47m║[38;2;205;69;47m█[38;2;205;69;47m█[38;2;205;69;47m║[38;2;205;69;47m█[38;2;205;69;47m█[38;2;205;69;47m╔[38;2;205;69;47m═[38;2;205;69;47m═[38;2;205;69;47m█[38;2;205;69;47m█[38;2;205;69;47m╗[38;2;205;69;47m█[38;2;205;69;47m█[38;2;205;69;47m╔[38;2;205;69;47m═[38;2;205;69;47m═[38;2;205;69;47m═[38;2;205;69;47m█[38;2;205;69;47m█[38;2;205;69;47m╗        [0m
            [38;2;211;83;50m█[38;2;211;83;50m█[38;2;211;83;50m║[38;2;211;83;50m█[38;2;211;83;50m█[38;2;211;83;50m║[38;2;211;83;50m█[38;2;211;83;50m█[38;2;211;83;50m║  [38;2;211;83;50m█[38;2;211;83;50m█[38;2;211;83;50m║[38;2;211;83;50m█[38;2;211;83;50m█[38;2;211;83;50m║   [38;2;211;83;50m█[38;2;211;83;50m█[38;2;211;83;50m║        [0m
       [38;2;216;98;54m█[38;2;216;98;54m█   [38;2;216;98;54m█[38;2;216;98;54m█[38;2;216;98;54m║[38;2;216;98;54m█[38;2;216;98;54m█[38;2;216;98;54m║[38;2;216;98;54m█[38;2;216;98;54m█[38;2;216;98;54m║  [38;2;216;98;54m█[38;2;216;98;54m█[38;2;216;98;54m║[38;2;216;98;54m█[38;2;216;98;54m█[38;2;216;98;54m║   [38;2;216;98;54m█[38;2;216;98;54m█[38;2;216;98;54m║        [0m
       [38;2;222;113;58m╚[38;2;222;113;58m█[38;2;222;113;58m█[38;2;222;113;58m█[38;2;222;113;58m█[38;2;222;113;58m█[38;2;222;113;58m╔[38;2;222;113;58m╝[38;2;222;113;58m█[38;2;222;113;58m█[38;2;222;113;58m║[38;2;222;113;58m█[38;2;222;113;58m█[38;2;222;113;58m█[38;2;222;113;58m█[38;2;222;113;58m█[38;2;222;113;58m█[38;2;222;113;58m╔[38;2;222;113;58m╝[38;2;222;113;58m╚[38;2;222;113;58m█[38;2;222;113;58m█[38;2;222;113;58m█[38;2;222;113;58m█[38;2;222;113;58m█[38;2;222;113;58m█[38;2;222;113;58m╔[38;2;222;113;58m╝        [0m
        [38;2;227;128;61m╚[38;2;227;128;61m═[38;2;227;128;61m═[38;2;227;128;61m═[38;2;227;128;61m═[38;2;227;128;61m╝ [38;2;227;128;61m╚[38;2;227;128;61m═[38;2;227;128;61m╝[38;2;227;128;61m╚[38;2;227;128;61m═[38;2;227;128;61m═[38;2;227;128;61m═[38;2;227;128;61m═[38;2;227;128;61m═[38;2;227;128;61m╝  [38;2;227;128;61m╚[38;2;227;128;61m═[38;2;227;128;61m═[38;2;227;128;61m═[38;2;227;128;61m═[38;2;227;128;61m═[38;2;227;128;61m╝         [0m
[38;2;231;141;67m█[38;2;231;141;67m█[38;2;231;141;67m█[38;2;231;141;67m█[38;2;231;141;67m█[38;2;231;141;67m█[38;2;231;141;67m╗ [38;2;231;141;67m█[38;2;231;141;67m█[38;2;231;141;67m█[38;2;231;141;67m█[38;2;231;141;67m█[38;2;231;141;67m█[38;2;231;141;67m█[38;2;231;141;67m╗[38;2;231;141;67m█[38;2;231;141;67m█[38;2;231;141;67m█[38;2;231;141;67m╗   [38;2;231;141;67m█[38;2;231;141;67m█[38;2;231;141;67m╗ [38;2;231;141;67m█[38;2;231;141;67m█[38;2;231;141;67m█[38;2;231;141;67m█[38;2;231;141;67m█[38;2;231;141;67m█[38;2;231;141;67m╗  [38;2;231;141;67m█[38;2;231;141;67m█[38;2;231;141;67m█[38;2;231;141;67m█[38;2;231;141;67m█[38;2;231;141;67m╗ [0m
[38;2;232;152;75m█[38;2;232;152;75m█[38;2;232;152;75m╔[38;2;232;152;75m═[38;2;232;152;75m═[38;2;232;152;75m█[38;2;232;152;75m█[38;2;232;152;75m╗[38;2;232;152;75m█[38;2;232;152;75m█[38;2;232;152;75m╔[38;2;232;152;75m═[38;2;232;152;75m═[38;2;232;152;75m═[38;2;232;152;75m═[38;2;232;152;75m╝[38;2;232;152;75m█[38;2;232;152;75m█[38;2;232;152;75m█[38;2;232;152;75m█[38;2;232;152;75m╗  [38;2;232;152;75m█[38;2;232;152;75m█[38;2;232;152;75m║[38;2;232;152;75m█[38;2;232;152;75m█[38;2;232;152;75m╔[38;2;232;152;75m═[38;2;232;152;75m═[38;2;232;152;75m═[38;2;232;152;75m═[38;2;232;152;75m╝ [38;2;232;152;75m█[38;2;232;152;75m█[38;2;232;152;75m╔[38;2;232;152;75m═[38;2;232;152;75m═[38;2;232;152;75m█[38;2;232;152;75m█[38;2;232;152;75m╗[0m
[38;2;233;163;83m█[38;2;233;163;83m█[38;2;233;163;83m█[38;2;233;163;83m█[38;2;233;163;83m█[38;2;233;163;83m█[38;2;233;163;83m╔[38;2;233;163;83m╝[38;2;233;163;83m█[38;2;233;163;83m█[38;2;233;163;83m█[38;2;233;163;83m█[38;2;233;163;83m█[38;2;233;163;83m╗  [38;2;233;163;83m█[38;2;233;163;83m█[38;2;233;163;83m╔[38;2;233;163;83m█[38;2;233;163;83m█[38;2;233;163;83m╗ [38;2;233;163;83m█[38;2;233;163;83m█[38;2;233;163;83m║[38;2;233;163;83m█[38;2;233;163;83m█[38;2;233;163;83m║  [38;2;233;163;83m█[38;2;233;163;83m█[38;2;233;163;83m█[38;2;233;163;83m╗[38;2;233;163;83m█[38;2;233;163;83m█[38;2;233;163;83m█[38;2;233;163;83m█[38;2;233;163;83m█[38;2;233;163;83m█[38;2;233;163;83m█[38;2;233;163;83m║[0m
[38;2;234;174;90m█[38;2;234;174;90m█[38;2;234;174;90m╔[38;2;234;174;90m═[38;2;234;174;90m═[38;2;234;174;90m█[38;2;234;174;90m█[38;2;234;174;90m╗[38;2;234;174;90m█[38;2;234;174;90m█[38;2;234;174;90m╔[38;2;234;174;90m═[38;2;234;174;90m═[38;2;234;174;90m╝  [38;2;234;174;90m█[38;2;234;174;90m█[38;2;234;174;90m║[38;2;234;174;90m╚[38;2;234;174;90m█[38;2;234;174;90m█[38;2;234;174;90m╗[38;2;234;174;90m█[38;2;234;174;90m█[38;2;234;174;90m║[38;2;234;174;90m█[38;2;234;174;90m█[38;2;234;174;90m║   [38;2;234;174;90m█[38;2;234;174;90m█[38;2;234;174;90m║[38;2;234;174;90m█[38;2;234;174;90m█[38;2;234;174;90m╔[38;2;234;174;90m═[38;2;234;174;90m═[38;2;234;174;90m█[38;2;234;174;90m█[38;2;234;174;90m║[0m
[38;2;236;185;98m█[38;2;236;185;98m█[38;2;236;185;98m║  [38;2;236;185;98m█[38;2;236;185;98m█[38;2;236;185;98m║[38;2;236;185;98m█[38;2;236;185;98m█[38;2;236;185;98m█[38;2;236;185;98m█[38;2;236;185;98m█[38;2;236;185;98m█[38;2;236;185;98m█[38;2;236;185;98m╗[38;2;236;185;98m█[38;2;236;185;98m█[38;2;236;185;98m║ [38;2;236;185;98m╚[38;2;236;185;98m█[38;2;236;185;98m█[38;2;236;185;98m█[38;2;236;185;98m█[38;2;236;185;98m║[38;2;236;185;98m╚[38;2;236;185;98m█[38;2;236;185;98m█[38;2;236;185;98m█[38;2;236;185;98m█[38;2;236;185;98m█[38;2;236;185;98m█[38;2;236;185;98m╔[38;2;236;185;98m╝[38;2;236;185;98m█[38;2;236;185;98m█[38;2;236;185;98m║  [38;2;236;185;98m█[38;2;236;185;98m█[38;2;236;185;98m║[0m
[38;2;237;196;106m╚[38;2;237;196;106m═[38;2;237;196;106m╝  [38;2;237;196;106m╚[38;2;237;196;106m═[38;2;237;196;106m╝[38;2;237;196;106m╚[38;2;237;196;106m═[38;2;237;196;106m═[38;2;237;196;106m═[38;2;237;196;106m═[38;2;237;196;106m═[38;2;237;196;106m═[38;2;237;196;106m╝[38;2;237;196;106m╚[38;2;237;196;106m═[38;2;237;196;106m╝  [38;2;237;196;106m╚[38;2;237;196;106m═[38;2;237;196;106m═[38;2;237;196;106m═[38;2;237;196;106m╝ [38;2;237;196;106m╚[38;2;237;196;106m═[38;2;237;196;106m═[38;2;237;196;106m═[38;2;237;196;106m═[38;2;237;196;106m═[38;2;237;196;106m╝ [38;2;237;196;106m╚[38;2;237;196;106m═[38;2;237;196;106m╝  [38;2;237;196;106m╚[38;2;237;196;106m═[38;2;237;196;106m╝[0m

  [38;2;150;203;110m⟳[38;2;111;122;90m──[38;2;222;56;43m◇[38;2;111;122;90m──[38;2;222;56;43m◇[38;2;111;122;90m──[38;2;222;56;43m◇[0m   [38;2;138;133;124mself-moving linked verse — the poem continues[0m
               [38;2;138;133;124mitself, stanza after stanza, with no hand.[0m
[38;2;111;122;90m━━━━━━━━━━━━━━━━━━━━━━━━━━━━━━━━━━━━━━━━━━━[0m
